=========================
        NODE LIST        
=========================

        ID              X              Y
--------------------------------------
         1           0.00           0.00
         2           7.00           0.00
         3          14.00           0.00
         4          21.00           0.00
         5           0.00           3.00
         6           7.00           3.00
         7          14.00           3.00
         8          21.00           3.00
         9           0.00           6.00
        10           7.00           6.00
        11          14.00           6.00
        12          21.00           6.00
        13           0.00           9.00
        14           7.00           9.00
        15          14.00           9.00
        16          21.00           9.00
        17           0.00          12.00
        18           7.00          12.00
        19          14.00          12.00
        20          21.00          12.00
        21           0.00          15.00
        22           7.00          15.00
        23          14.00          15.00
        24          21.00          15.00
        25           0.00          18.00
        26           7.00          18.00
        27          14.00          18.00
        28          21.00          18.00
        29           0.00          21.00
        30           7.00          21.00
        31          14.00          21.00
        32          21.00          21.00
        33           0.00          24.00
        34           7.00          24.00
        35          14.00          24.00
        36          21.00          24.00
=========================
        ELEMENT CONNECTIVITY        
=========================

        ID         Node 1         Node 2              E              A              I              q      load type   element type
--------------------------------------
         1              5              6       2.10e+08           0.01       2.31e-04        -700.00          local           beam
         2              6              7       2.10e+08           0.01       2.31e-04        -700.00          local           beam
         3              7              8       2.10e+08           0.01       2.31e-04        -700.00          local           beam
         4              9             10       2.10e+08           0.01       2.31e-04        -700.00          local           beam
         5             10             11       2.10e+08           0.01       2.31e-04        -700.00          local           beam
         6             11             12       2.10e+08           0.01       2.31e-04        -700.00          local           beam
         7             13             14       2.10e+08           0.01       2.31e-04        -700.00          local           beam
         8             14             15       2.10e+08           0.01       2.31e-04        -700.00          local           beam
         9             15             16       2.10e+08           0.01       2.31e-04        -700.00          local           beam
        10             17             18       2.10e+08           0.01       2.31e-04        -700.00          local           beam
        11             18             19       2.10e+08           0.01       2.31e-04        -700.00          local           beam
        12             19             20       2.10e+08           0.01       2.31e-04        -700.00          local           beam
        13             21             22       2.10e+08           0.01       2.31e-04        -700.00          local           beam
        14             22             23       2.10e+08           0.01       2.31e-04        -700.00          local           beam
        15             23             24       2.10e+08           0.01       2.31e-04        -700.00          local           beam
        16             25             26       2.10e+08           0.01       2.31e-04        -700.00          local           beam
        17             26             27       2.10e+08           0.01       2.31e-04        -700.00          local           beam
        18             27             28       2.10e+08           0.01       2.31e-04        -700.00          local           beam
        19             29             30       2.10e+08           0.01       2.31e-04        -700.00          local           beam
        20             30             31       2.10e+08           0.01       2.31e-04        -700.00          local           beam
        21             31             32       2.10e+08           0.01       2.31e-04        -700.00          local           beam
        22             33             34       2.10e+08           0.01       2.31e-04        -700.00          local           beam
        23             34             35       2.10e+08           0.01       2.31e-04        -700.00          local           beam
        24             35             36       2.10e+08           0.01       2.31e-04        -700.00          local           beam
        25              1              5       2.10e+08           0.01       1.93e-04           0.00          local         column
        26              5              9       2.10e+08           0.01       1.93e-04           0.00          local         column
        27              9             13       2.10e+08           0.01       1.93e-04           0.00          local         column
        28             13             17       2.10e+08           0.01       1.93e-04           0.00          local         column
        29             17             21       2.10e+08           0.01       1.93e-04           0.00          local         column
        30             21             25       2.10e+08           0.01       1.93e-04           0.00          local         column
        31             25             29       2.10e+08           0.01       1.93e-04           0.00          local         column
        32             29             33       2.10e+08           0.01       1.93e-04           0.00          local         column
        33              2              6       2.10e+08           0.01       1.93e-04           0.00          local         column
        34              6             10       2.10e+08           0.01       1.93e-04           0.00          local         column
        35             10             14       2.10e+08           0.01       1.93e-04           0.00          local         column
        36             14             18       2.10e+08           0.01       1.93e-04           0.00          local         column
        37             18             22       2.10e+08           0.01       1.93e-04           0.00          local         column
        38             22             26       2.10e+08           0.01       1.93e-04           0.00          local         column
        39             26             30       2.10e+08           0.01       1.93e-04           0.00          local         column
        40             30             34       2.10e+08           0.01       1.93e-04           0.00          local         column
        41              3              7       2.10e+08           0.01       1.93e-04           0.00          local         column
        42              7             11       2.10e+08           0.01       1.93e-04           0.00          local         column
        43             11             15       2.10e+08           0.01       1.93e-04           0.00          local         column
        44             15             19       2.10e+08           0.01       1.93e-04           0.00          local         column
        45             19             23       2.10e+08           0.01       1.93e-04           0.00          local         column
        46             23             27       2.10e+08           0.01       1.93e-04           0.00          local         column
        47             27             31       2.10e+08           0.01       1.93e-04           0.00          local         column
        48             31             35       2.10e+08           0.01       1.93e-04           0.00          local         column
        49              4              8       2.10e+08           0.01       1.93e-04           0.00          local         column
        50              8             12       2.10e+08           0.01       1.93e-04           0.00          local         column
        51             12             16       2.10e+08           0.01       1.93e-04           0.00          local         column
        52             16             20       2.10e+08           0.01       1.93e-04           0.00          local         column
        53             20             24       2.10e+08           0.01       1.93e-04           0.00          local         column
        54             24             28       2.10e+08           0.01       1.93e-04           0.00          local         column
        55             28             32       2.10e+08           0.01       1.93e-04           0.00          local         column
        56             32             36       2.10e+08           0.01       1.93e-04           0.00          local         column
=========================
        DOF LIST        
=========================

        ID        node ID   freedom typefreedom situation
--------------------------------------
         1              1             ux    Constrained
         2              1             uy    Constrained
         3              1           rotz    Constrained
         4              2             ux    Constrained
         5              2             uy    Constrained
         6              2           rotz    Constrained
         7              3             ux    Constrained
         8              3             uy    Constrained
         9              3           rotz    Constrained
        10              4             ux    Constrained
        11              4             uy    Constrained
        12              4           rotz    Constrained
        13              5             ux           Free
        14              5             uy           Free
        15              5           rotz           Free
        16              6             ux           Free
        17              6             uy           Free
        18              6           rotz           Free
        19              7             ux           Free
        20              7             uy           Free
        21              7           rotz           Free
        22              8             ux           Free
        23              8             uy           Free
        24              8           rotz           Free
        25              9             ux           Free
        26              9             uy           Free
        27              9           rotz           Free
        28             10             ux           Free
        29             10             uy           Free
        30             10           rotz           Free
        31             11             ux           Free
        32             11             uy           Free
        33             11           rotz           Free
        34             12             ux           Free
        35             12             uy           Free
        36             12           rotz           Free
        37             13             ux           Free
        38             13             uy           Free
        39             13           rotz           Free
        40             14             ux           Free
        41             14             uy           Free
        42             14           rotz           Free
        43             15             ux           Free
        44             15             uy           Free
        45             15           rotz           Free
        46             16             ux           Free
        47             16             uy           Free
        48             16           rotz           Free
        49             17             ux           Free
        50             17             uy           Free
        51             17           rotz           Free
        52             18             ux           Free
        53             18             uy           Free
        54             18           rotz           Free
        55             19             ux           Free
        56             19             uy           Free
        57             19           rotz           Free
        58             20             ux           Free
        59             20             uy           Free
        60             20           rotz           Free
        61             21             ux           Free
        62             21             uy           Free
        63             21           rotz           Free
        64             22             ux           Free
        65             22             uy           Free
        66             22           rotz           Free
        67             23             ux           Free
        68             23             uy           Free
        69             23           rotz           Free
        70             24             ux           Free
        71             24             uy           Free
        72             24           rotz           Free
        73             25             ux           Free
        74             25             uy           Free
        75             25           rotz           Free
        76             26             ux           Free
        77             26             uy           Free
        78             26           rotz           Free
        79             27             ux           Free
        80             27             uy           Free
        81             27           rotz           Free
        82             28             ux           Free
        83             28             uy           Free
        84             28           rotz           Free
        85             29             ux           Free
        86             29             uy           Free
        87             29           rotz           Free
        88             30             ux           Free
        89             30             uy           Free
        90             30           rotz           Free
        91             31             ux           Free
        92             31             uy           Free
        93             31           rotz           Free
        94             32             ux           Free
        95             32             uy           Free
        96             32           rotz           Free
        97             33             ux           Free
        98             33             uy           Free
        99             33           rotz           Free
       100             34             ux           Free
       101             34             uy           Free
       102             34           rotz           Free
       103             35             ux           Free
       104             35             uy           Free
       105             35           rotz           Free
       106             36             ux           Free
       107             36             uy           Free
       108             36           rotz           Free
=========================================
        NODAL DISPLACEMENTS [cm]
=========================================

      Node                ux                uy             rotz
--------------------------------------------------------------
         1              0.00              0.00              0.00
         2              0.00              0.00              0.00
         3              0.00              0.00              0.00
         4              0.00              0.00              0.00
         5             -0.00             -0.02             -0.02
         6             -0.00             -0.04              0.00
         7              0.00             -0.04             -0.00
         8              0.00             -0.02              0.02
         9             -0.00             -0.04             -0.02
        10             -0.00             -0.08             -0.00
        11              0.00             -0.08              0.00
        12              0.00             -0.04              0.02
        13             -0.00             -0.06             -0.02
        14             -0.00             -0.11             -0.00
        15              0.00             -0.11              0.00
        16              0.00             -0.06              0.02
        17             -0.00             -0.07             -0.02
        18             -0.00             -0.14             -0.00
        19              0.00             -0.14              0.00
        20              0.00             -0.07              0.02
        21             -0.00             -0.08             -0.02
        22             -0.00             -0.16             -0.00
        23              0.00             -0.16              0.00
        24              0.00             -0.08              0.02
        25              0.00             -0.09             -0.02
        26             -0.00             -0.18             -0.00
        27              0.00             -0.18              0.00
        28             -0.00             -0.09              0.02
        29             -0.00             -0.09             -0.01
        30             -0.00             -0.19             -0.00
        31              0.00             -0.19              0.00
        32              0.00             -0.09              0.01
        33              0.01             -0.10             -0.04
        34              0.00             -0.19             -0.00
        35             -0.00             -0.19              0.00
        36             -0.01             -0.10              0.04

=========================================
        SUPPORT REACTIONS [kg & m]
=========================================

      Node                Rx                Ry               Mz
--------------------------------------------------------------
         1            547.80          19539.44           -566.61
         2            -13.97          39260.56              7.88
         3             13.97          39260.56             -7.88
         4           -547.80          19539.44            566.61

ELEMENT FORCES (LOCAL AXIS) [kg & m]
--------------------------------------------------------------
   Element      Node              N              V             M
--------------------------------------------------------------
         1         5        -358.31        2379.72        2474.39
         1         6         358.31        2520.28       -2966.37
         2         6        -343.35        2450.00        2871.78
         2         7         343.35        2450.00       -2871.78
         3         7        -358.31        2520.28        2966.37
         3         8         358.31        2379.72       -2474.39
         4         9          15.37        2420.73        2646.53
         4        10         -15.37        2479.27       -2851.40
         5        10         -34.20        2450.00        2854.12
         5        11          34.20        2450.00       -2854.12
         6        11          15.37        2479.27        2851.40
         6        12         -15.37        2420.73       -2646.53
         7        13         -26.71        2442.29        2717.69
         7        14          26.71        2457.71       -2771.65
         8        14         -41.38        2450.00        2852.06
         8        15          41.38        2450.00       -2852.06
         9        15         -26.71        2457.71        2771.65
         9        16          26.71        2442.29       -2717.69
        10        17         -17.92        2460.12        2780.37
        10        18          17.92        2439.88       -2709.51
        11        18         -38.04        2450.00        2846.38
        11        19          38.04        2450.00       -2846.38
        12        19         -17.92        2439.88        2709.51
        12        20          17.92        2460.12       -2780.37
        13        21         -18.11        2474.30        2830.44
        13        22          18.11        2425.70       -2660.36
        14        22         -23.29        2450.00        2841.50
        14        23          23.29        2450.00       -2841.50
        15        23         -18.11        2425.70        2660.36
        15        24          18.11        2474.30       -2830.44
        16        25          28.85        2485.90        2866.39
        16        26         -28.85        2414.10       -2615.12
        17        26         -17.66        2450.00        2843.88
        17        27          17.66        2450.00       -2843.88
        18        27          28.85        2414.10        2615.12
        18        28         -28.85        2485.90       -2866.39
        19        29        -384.38        2504.73        2964.74
        19        30         384.38        2395.27       -2581.62
        20        30        -296.89        2450.00        2822.77
        20        31         296.89        2450.00       -2822.77
        21        31        -384.38        2395.27        2581.62
        21        32         384.38        2504.73       -2964.74
        22        33        1309.01        2371.65        2306.73
        22        34       -1309.01        2528.35       -2855.15
        23        34        1328.65        2450.00        2854.13
        23        35       -1328.65        2450.00       -2854.13
        24        35        1309.01        2528.35        2855.15
        24        36       -1309.01        2371.65       -2306.73
        25         1       19539.44        -547.80        -566.61
        25         5      -19539.44         547.80       -1076.81
        26         5       17159.73        -906.12       -1397.58
        26         9      -17159.73         906.12       -1320.77
        27         9       14739.00        -890.75       -1325.76
        27        13      -14739.00         890.75       -1346.49
        28        13       12296.70        -917.46       -1371.20
        28        17      -12296.70         917.46       -1381.17
        29        17        9836.58        -935.37       -1399.20
        29        21       -9836.58         935.37       -1406.92
        30        21        7362.28        -953.48       -1423.52
        30        25       -7362.28         953.48       -1436.93
        31        25        4876.39        -924.63       -1429.46
        31        29       -4876.39         924.63       -1344.44
        32        29        2371.65       -1309.01       -1620.30
        32        33       -2371.65        1309.01       -2306.73
        33         2       39260.56          13.97           7.88
        33         6      -39260.56         -13.97          34.02
        34         6       34290.27          28.93          60.56
        34        10      -34290.27         -28.93          26.23
        35        10       29361.00         -20.64         -28.95
        35        14      -29361.00          20.64         -32.96
        36        14       24453.30         -35.31         -47.45
        36        18      -24453.30          35.31         -58.48
        37        18       19563.42         -55.43         -78.40
        37        22      -19563.42          55.43         -87.90
        38        22       14687.72         -60.61         -93.24
        38        26      -14687.72          60.61         -88.60
        39        26        9823.61        -107.13        -140.17
        39        30       -9823.61         107.13        -181.21
        40        30        4978.35         -19.64         -59.94
        40        34       -4978.35          19.64           1.02
        41         3       39260.56         -13.97          -7.88
        41         7      -39260.56          13.97         -34.02
        42         7       34290.27         -28.93         -60.56
        42        11      -34290.27          28.93         -26.23
        43        11       29361.00          20.64          28.95
        43        15      -29361.00         -20.64          32.96
        44        15       24453.30          35.31          47.45
        44        19      -24453.30         -35.31          58.48
        45        19       19563.42          55.43          78.40
        45        23      -19563.42         -55.43          87.90
        46        23       14687.72          60.61          93.24
        46        27      -14687.72         -60.61          88.60
        47        27        9823.61         107.13         140.17
        47        31       -9823.61        -107.13         181.21
        48        31        4978.35          19.64          59.94
        48        35       -4978.35         -19.64          -1.02
        49         4       19539.44         547.80         566.61
        49         8      -19539.44        -547.80        1076.81
        50         8       17159.73         906.12        1397.58
        50        12      -17159.73        -906.12        1320.77
        51        12       14739.00         890.75        1325.76
        51        16      -14739.00        -890.75        1346.49
        52        16       12296.70         917.46        1371.20
        52        20      -12296.70        -917.46        1381.17
        53        20        9836.58         935.37        1399.20
        53        24       -9836.58        -935.37        1406.92
        54        24        7362.28         953.48        1423.52
        54        28       -7362.28        -953.48        1436.93
        55        28        4876.39         924.63        1429.46
        55        32       -4876.39        -924.63        1344.44
        56        32        2371.65        1309.01        1620.30
        56        36       -2371.65       -1309.01        2306.73
