=========================
        NODE LIST        
=========================

        ID              X              Y
--------------------------------------
         1           0.00           0.00
         2           5.00           0.00
         3          10.00           0.00
         4          15.00           0.00
         5          20.00           0.00
         6          25.00           0.00
         7          30.00           0.00
         8          35.00           0.00
         9           0.00           3.00
        10           5.00           3.00
        11          10.00           3.00
        12          15.00           3.00
        13          20.00           3.00
        14          25.00           3.00
        15          30.00           3.00
        16          35.00           3.00
        17           0.00           6.00
        18           5.00           6.00
        19          10.00           6.00
        20          15.00           6.00
        21          20.00           6.00
        22          25.00           6.00
        23          30.00           6.00
        24          35.00           6.00
        25           0.00           9.00
        26           5.00           9.00
        27          10.00           9.00
        28          15.00           9.00
        29          20.00           9.00
        30          25.00           9.00
        31          30.00           9.00
        32          35.00           9.00
        33           0.00          12.00
        34           5.00          12.00
        35          10.00          12.00
        36          15.00          12.00
        37          20.00          12.00
        38          25.00          12.00
        39          30.00          12.00
        40          35.00          12.00
        41           0.00          15.00
        42           5.00          15.00
        43          10.00          15.00
        44          15.00          15.00
        45          20.00          15.00
        46          25.00          15.00
        47          30.00          15.00
        48          35.00          15.00
        49           0.00          18.00
        50           5.00          18.00
        51          10.00          18.00
        52          15.00          18.00
        53          20.00          18.00
        54          25.00          18.00
        55          30.00          18.00
        56          35.00          18.00
        57           0.00          21.00
        58           5.00          21.00
        59          10.00          21.00
        60          15.00          21.00
        61          20.00          21.00
        62          25.00          21.00
        63          30.00          21.00
        64          35.00          21.00
        65           0.00          24.00
        66           5.00          24.00
        67          10.00          24.00
        68          15.00          24.00
        69          20.00          24.00
        70          25.00          24.00
        71          30.00          24.00
        72          35.00          24.00
=========================
        ELEMENT CONNECTIVITY        
=========================

        ID         Node 1         Node 2              E              A              I              q      load type   element type
--------------------------------------
         1              9             10       2.10e+08           0.01       2.31e-04        -700.00          local           beam
         2             10             11       2.10e+08           0.01       2.31e-04        -700.00          local           beam
         3             11             12       2.10e+08           0.01       2.31e-04        -700.00          local           beam
         4             12             13       2.10e+08           0.01       2.31e-04        -700.00          local           beam
         5             13             14       2.10e+08           0.01       2.31e-04        -700.00          local           beam
         6             14             15       2.10e+08           0.01       2.31e-04        -700.00          local           beam
         7             15             16       2.10e+08           0.01       2.31e-04        -700.00          local           beam
         8             17             18       2.10e+08           0.01       2.31e-04        -700.00          local           beam
         9             18             19       2.10e+08           0.01       2.31e-04        -700.00          local           beam
        10             19             20       2.10e+08           0.01       2.31e-04        -700.00          local           beam
        11             20             21       2.10e+08           0.01       2.31e-04        -700.00          local           beam
        12             21             22       2.10e+08           0.01       2.31e-04        -700.00          local           beam
        13             22             23       2.10e+08           0.01       2.31e-04        -700.00          local           beam
        14             23             24       2.10e+08           0.01       2.31e-04        -700.00          local           beam
        15             25             26       2.10e+08           0.01       2.31e-04        -700.00          local           beam
        16             26             27       2.10e+08           0.01       2.31e-04        -700.00          local           beam
        17             27             28       2.10e+08           0.01       2.31e-04        -700.00          local           beam
        18             28             29       2.10e+08           0.01       2.31e-04        -700.00          local           beam
        19             29             30       2.10e+08           0.01       2.31e-04        -700.00          local           beam
        20             30             31       2.10e+08           0.01       2.31e-04        -700.00          local           beam
        21             31             32       2.10e+08           0.01       2.31e-04        -700.00          local           beam
        22             33             34       2.10e+08           0.01       2.31e-04        -700.00          local           beam
        23             34             35       2.10e+08           0.01       2.31e-04        -700.00          local           beam
        24             35             36       2.10e+08           0.01       2.31e-04        -700.00          local           beam
        25             36             37       2.10e+08           0.01       2.31e-04        -700.00          local           beam
        26             37             38       2.10e+08           0.01       2.31e-04        -700.00          local           beam
        27             38             39       2.10e+08           0.01       2.31e-04        -700.00          local           beam
        28             39             40       2.10e+08           0.01       2.31e-04        -700.00          local           beam
        29             41             42       2.10e+08           0.01       2.31e-04        -700.00          local           beam
        30             42             43       2.10e+08           0.01       2.31e-04        -700.00          local           beam
        31             43             44       2.10e+08           0.01       2.31e-04        -700.00          local           beam
        32             44             45       2.10e+08           0.01       2.31e-04        -700.00          local           beam
        33             45             46       2.10e+08           0.01       2.31e-04        -700.00          local           beam
        34             46             47       2.10e+08           0.01       2.31e-04        -700.00          local           beam
        35             47             48       2.10e+08           0.01       2.31e-04        -700.00          local           beam
        36             49             50       2.10e+08           0.01       2.31e-04        -700.00          local           beam
        37             50             51       2.10e+08           0.01       2.31e-04        -700.00          local           beam
        38             51             52       2.10e+08           0.01       2.31e-04        -700.00          local           beam
        39             52             53       2.10e+08           0.01       2.31e-04        -700.00          local           beam
        40             53             54       2.10e+08           0.01       2.31e-04        -700.00          local           beam
        41             54             55       2.10e+08           0.01       2.31e-04        -700.00          local           beam
        42             55             56       2.10e+08           0.01       2.31e-04        -700.00          local           beam
        43             57             58       2.10e+08           0.01       2.31e-04        -700.00          local           beam
        44             58             59       2.10e+08           0.01       2.31e-04        -700.00          local           beam
        45             59             60       2.10e+08           0.01       2.31e-04        -700.00          local           beam
        46             60             61       2.10e+08           0.01       2.31e-04        -700.00          local           beam
        47             61             62       2.10e+08           0.01       2.31e-04        -700.00          local           beam
        48             62             63       2.10e+08           0.01       2.31e-04        -700.00          local           beam
        49             63             64       2.10e+08           0.01       2.31e-04        -700.00          local           beam
        50             65             66       2.10e+08           0.01       2.31e-04        -700.00          local           beam
        51             66             67       2.10e+08           0.01       2.31e-04        -700.00          local           beam
        52             67             68       2.10e+08           0.01       2.31e-04        -700.00          local           beam
        53             68             69       2.10e+08           0.01       2.31e-04        -700.00          local           beam
        54             69             70       2.10e+08           0.01       2.31e-04        -700.00          local           beam
        55             70             71       2.10e+08           0.01       2.31e-04        -700.00          local           beam
        56             71             72       2.10e+08           0.01       2.31e-04        -700.00          local           beam
        57              1              9       2.10e+08           0.01       1.93e-04           0.00          local         column
        58              9             17       2.10e+08           0.01       1.93e-04           0.00          local         column
        59             17             25       2.10e+08           0.01       1.93e-04           0.00          local         column
        60             25             33       2.10e+08           0.01       1.93e-04           0.00          local         column
        61             33             41       2.10e+08           0.01       1.93e-04           0.00          local         column
        62             41             49       2.10e+08           0.01       1.93e-04           0.00          local         column
        63             49             57       2.10e+08           0.01       1.93e-04           0.00          local         column
        64             57             65       2.10e+08           0.01       1.93e-04           0.00          local         column
        65              2             10       2.10e+08           0.01       1.93e-04           0.00          local         column
        66             10             18       2.10e+08           0.01       1.93e-04           0.00          local         column
        67             18             26       2.10e+08           0.01       1.93e-04           0.00          local         column
        68             26             34       2.10e+08           0.01       1.93e-04           0.00          local         column
        69             34             42       2.10e+08           0.01       1.93e-04           0.00          local         column
        70             42             50       2.10e+08           0.01       1.93e-04           0.00          local         column
        71             50             58       2.10e+08           0.01       1.93e-04           0.00          local         column
        72             58             66       2.10e+08           0.01       1.93e-04           0.00          local         column
        73              3             11       2.10e+08           0.01       1.93e-04           0.00          local         column
        74             11             19       2.10e+08           0.01       1.93e-04           0.00          local         column
        75             19             27       2.10e+08           0.01       1.93e-04           0.00          local         column
        76             27             35       2.10e+08           0.01       1.93e-04           0.00          local         column
        77             35             43       2.10e+08           0.01       1.93e-04           0.00          local         column
        78             43             51       2.10e+08           0.01       1.93e-04           0.00          local         column
        79             51             59       2.10e+08           0.01       1.93e-04           0.00          local         column
        80             59             67       2.10e+08           0.01       1.93e-04           0.00          local         column
        81              4             12       2.10e+08           0.01       1.93e-04           0.00          local         column
        82             12             20       2.10e+08           0.01       1.93e-04           0.00          local         column
        83             20             28       2.10e+08           0.01       1.93e-04           0.00          local         column
        84             28             36       2.10e+08           0.01       1.93e-04           0.00          local         column
        85             36             44       2.10e+08           0.01       1.93e-04           0.00          local         column
        86             44             52       2.10e+08           0.01       1.93e-04           0.00          local         column
        87             52             60       2.10e+08           0.01       1.93e-04           0.00          local         column
        88             60             68       2.10e+08           0.01       1.93e-04           0.00          local         column
        89              5             13       2.10e+08           0.01       1.93e-04           0.00          local         column
        90             13             21       2.10e+08           0.01       1.93e-04           0.00          local         column
        91             21             29       2.10e+08           0.01       1.93e-04           0.00          local         column
        92             29             37       2.10e+08           0.01       1.93e-04           0.00          local         column
        93             37             45       2.10e+08           0.01       1.93e-04           0.00          local         column
        94             45             53       2.10e+08           0.01       1.93e-04           0.00          local         column
        95             53             61       2.10e+08           0.01       1.93e-04           0.00          local         column
        96             61             69       2.10e+08           0.01       1.93e-04           0.00          local         column
        97              6             14       2.10e+08           0.01       1.93e-04           0.00          local         column
        98             14             22       2.10e+08           0.01       1.93e-04           0.00          local         column
        99             22             30       2.10e+08           0.01       1.93e-04           0.00          local         column
       100             30             38       2.10e+08           0.01       1.93e-04           0.00          local         column
       101             38             46       2.10e+08           0.01       1.93e-04           0.00          local         column
       102             46             54       2.10e+08           0.01       1.93e-04           0.00          local         column
       103             54             62       2.10e+08           0.01       1.93e-04           0.00          local         column
       104             62             70       2.10e+08           0.01       1.93e-04           0.00          local         column
       105              7             15       2.10e+08           0.01       1.93e-04           0.00          local         column
       106             15             23       2.10e+08           0.01       1.93e-04           0.00          local         column
       107             23             31       2.10e+08           0.01       1.93e-04           0.00          local         column
       108             31             39       2.10e+08           0.01       1.93e-04           0.00          local         column
       109             39             47       2.10e+08           0.01       1.93e-04           0.00          local         column
       110             47             55       2.10e+08           0.01       1.93e-04           0.00          local         column
       111             55             63       2.10e+08           0.01       1.93e-04           0.00          local         column
       112             63             71       2.10e+08           0.01       1.93e-04           0.00          local         column
       113              8             16       2.10e+08           0.01       1.93e-04           0.00          local         column
       114             16             24       2.10e+08           0.01       1.93e-04           0.00          local         column
       115             24             32       2.10e+08           0.01       1.93e-04           0.00          local         column
       116             32             40       2.10e+08           0.01       1.93e-04           0.00          local         column
       117             40             48       2.10e+08           0.01       1.93e-04           0.00          local         column
       118             48             56       2.10e+08           0.01       1.93e-04           0.00          local         column
       119             56             64       2.10e+08           0.01       1.93e-04           0.00          local         column
       120             64             72       2.10e+08           0.01       1.93e-04           0.00          local         column
=========================
        DOF LIST        
=========================

        ID        node ID   freedom typefreedom situation
--------------------------------------
         1              1             ux    Constrained
         2              1             uy    Constrained
         3              1           rotz    Constrained
         4              2             ux    Constrained
         5              2             uy    Constrained
         6              2           rotz    Constrained
         7              3             ux    Constrained
         8              3             uy    Constrained
         9              3           rotz    Constrained
        10              4             ux    Constrained
        11              4             uy    Constrained
        12              4           rotz    Constrained
        13              5             ux    Constrained
        14              5             uy    Constrained
        15              5           rotz    Constrained
        16              6             ux    Constrained
        17              6             uy    Constrained
        18              6           rotz    Constrained
        19              7             ux    Constrained
        20              7             uy    Constrained
        21              7           rotz    Constrained
        22              8             ux    Constrained
        23              8             uy    Constrained
        24              8           rotz    Constrained
        25              9             ux           Free
        26              9             uy           Free
        27              9           rotz           Free
        28             10             ux           Free
        29             10             uy           Free
        30             10           rotz           Free
        31             11             ux           Free
        32             11             uy           Free
        33             11           rotz           Free
        34             12             ux           Free
        35             12             uy           Free
        36             12           rotz           Free
        37             13             ux           Free
        38             13             uy           Free
        39             13           rotz           Free
        40             14             ux           Free
        41             14             uy           Free
        42             14           rotz           Free
        43             15             ux           Free
        44             15             uy           Free
        45             15           rotz           Free
        46             16             ux           Free
        47             16             uy           Free
        48             16           rotz           Free
        49             17             ux           Free
        50             17             uy           Free
        51             17           rotz           Free
        52             18             ux           Free
        53             18             uy           Free
        54             18           rotz           Free
        55             19             ux           Free
        56             19             uy           Free
        57             19           rotz           Free
        58             20             ux           Free
        59             20             uy           Free
        60             20           rotz           Free
        61             21             ux           Free
        62             21             uy           Free
        63             21           rotz           Free
        64             22             ux           Free
        65             22             uy           Free
        66             22           rotz           Free
        67             23             ux           Free
        68             23             uy           Free
        69             23           rotz           Free
        70             24             ux           Free
        71             24             uy           Free
        72             24           rotz           Free
        73             25             ux           Free
        74             25             uy           Free
        75             25           rotz           Free
        76             26             ux           Free
        77             26             uy           Free
        78             26           rotz           Free
        79             27             ux           Free
        80             27             uy           Free
        81             27           rotz           Free
        82             28             ux           Free
        83             28             uy           Free
        84             28           rotz           Free
        85             29             ux           Free
        86             29             uy           Free
        87             29           rotz           Free
        88             30             ux           Free
        89             30             uy           Free
        90             30           rotz           Free
        91             31             ux           Free
        92             31             uy           Free
        93             31           rotz           Free
        94             32             ux           Free
        95             32             uy           Free
        96             32           rotz           Free
        97             33             ux           Free
        98             33             uy           Free
        99             33           rotz           Free
       100             34             ux           Free
       101             34             uy           Free
       102             34           rotz           Free
       103             35             ux           Free
       104             35             uy           Free
       105             35           rotz           Free
       106             36             ux           Free
       107             36             uy           Free
       108             36           rotz           Free
       109             37             ux           Free
       110             37             uy           Free
       111             37           rotz           Free
       112             38             ux           Free
       113             38             uy           Free
       114             38           rotz           Free
       115             39             ux           Free
       116             39             uy           Free
       117             39           rotz           Free
       118             40             ux           Free
       119             40             uy           Free
       120             40           rotz           Free
       121             41             ux           Free
       122             41             uy           Free
       123             41           rotz           Free
       124             42             ux           Free
       125             42             uy           Free
       126             42           rotz           Free
       127             43             ux           Free
       128             43             uy           Free
       129             43           rotz           Free
       130             44             ux           Free
       131             44             uy           Free
       132             44           rotz           Free
       133             45             ux           Free
       134             45             uy           Free
       135             45           rotz           Free
       136             46             ux           Free
       137             46             uy           Free
       138             46           rotz           Free
       139             47             ux           Free
       140             47             uy           Free
       141             47           rotz           Free
       142             48             ux           Free
       143             48             uy           Free
       144             48           rotz           Free
       145             49             ux           Free
       146             49             uy           Free
       147             49           rotz           Free
       148             50             ux           Free
       149             50             uy           Free
       150             50           rotz           Free
       151             51             ux           Free
       152             51             uy           Free
       153             51           rotz           Free
       154             52             ux           Free
       155             52             uy           Free
       156             52           rotz           Free
       157             53             ux           Free
       158             53             uy           Free
       159             53           rotz           Free
       160             54             ux           Free
       161             54             uy           Free
       162             54           rotz           Free
       163             55             ux           Free
       164             55             uy           Free
       165             55           rotz           Free
       166             56             ux           Free
       167             56             uy           Free
       168             56           rotz           Free
       169             57             ux           Free
       170             57             uy           Free
       171             57           rotz           Free
       172             58             ux           Free
       173             58             uy           Free
       174             58           rotz           Free
       175             59             ux           Free
       176             59             uy           Free
       177             59           rotz           Free
       178             60             ux           Free
       179             60             uy           Free
       180             60           rotz           Free
       181             61             ux           Free
       182             61             uy           Free
       183             61           rotz           Free
       184             62             ux           Free
       185             62             uy           Free
       186             62           rotz           Free
       187             63             ux           Free
       188             63             uy           Free
       189             63           rotz           Free
       190             64             ux           Free
       191             64             uy           Free
       192             64           rotz           Free
       193             65             ux           Free
       194             65             uy           Free
       195             65           rotz           Free
       196             66             ux           Free
       197             66             uy           Free
       198             66           rotz           Free
       199             67             ux           Free
       200             67             uy           Free
       201             67           rotz           Free
       202             68             ux           Free
       203             68             uy           Free
       204             68           rotz           Free
       205             69             ux           Free
       206             69             uy           Free
       207             69           rotz           Free
       208             70             ux           Free
       209             70             uy           Free
       210             70           rotz           Free
       211             71             ux           Free
       212             71             uy           Free
       213             71           rotz           Free
       214             72             ux           Free
       215             72             uy           Free
       216             72           rotz           Free
=========================================
        NODAL DISPLACEMENTS [cm]
=========================================

      Node                ux                uy             rotz
--------------------------------------------------------------
         1              0.00              0.00              0.00
         2              0.00              0.00              0.00
         3              0.00              0.00              0.00
         4              0.00              0.00              0.00
         5              0.00              0.00              0.00
         6              0.00              0.00              0.00
         7              0.00              0.00              0.00
         8              0.00              0.00              0.00
         9             -0.00             -0.02             -0.01
        10             -0.00             -0.03              0.00
        11             -0.00             -0.03             -0.00
        12             -0.00             -0.03              0.00
        13              0.00             -0.03             -0.00
        14              0.00             -0.03              0.00
        15              0.00             -0.03             -0.00
        16              0.00             -0.02              0.01
        17             -0.00             -0.03             -0.01
        18             -0.00             -0.06             -0.00
        19             -0.00             -0.06             -0.00
        20             -0.00             -0.06             -0.00
        21              0.00             -0.06              0.00
        22              0.00             -0.06              0.00
        23              0.00             -0.06              0.00
        24              0.00             -0.03              0.01
        25             -0.00             -0.04             -0.01
        26             -0.00             -0.08             -0.00
        27             -0.00             -0.08             -0.00
        28             -0.00             -0.08              0.00
        29              0.00             -0.08             -0.00
        30              0.00             -0.08              0.00
        31              0.00             -0.08              0.00
        32              0.00             -0.04              0.01
        33             -0.00             -0.05             -0.01
        34             -0.00             -0.10             -0.00
        35             -0.00             -0.10              0.00
        36             -0.00             -0.10              0.00
        37              0.00             -0.10             -0.00
        38              0.00             -0.10             -0.00
        39              0.00             -0.10              0.00
        40              0.00             -0.05              0.01
        41             -0.00             -0.06             -0.01
        42             -0.00             -0.11             -0.00
        43             -0.00             -0.11              0.00
        44             -0.00             -0.11              0.00
        45              0.00             -0.11             -0.00
        46              0.00             -0.11             -0.00
        47              0.00             -0.11              0.00
        48              0.00             -0.06              0.01
        49             -0.00             -0.07             -0.01
        50             -0.00             -0.12             -0.00
        51             -0.00             -0.13              0.00
        52             -0.00             -0.13              0.00
        53              0.00             -0.13             -0.00
        54              0.00             -0.13             -0.00
        55              0.00             -0.12              0.00
        56              0.00             -0.07              0.01
        57             -0.00             -0.07             -0.01
        58             -0.00             -0.13             -0.00
        59             -0.00             -0.13             -0.00
        60             -0.00             -0.13             -0.00
        61              0.00             -0.13              0.00
        62              0.00             -0.13              0.00
        63              0.00             -0.13              0.00
        64              0.00             -0.07              0.01
        65              0.01             -0.07             -0.02
        66              0.01             -0.13             -0.00
        67              0.00             -0.14             -0.00
        68              0.00             -0.14             -0.00
        69             -0.00             -0.14              0.00
        70             -0.00             -0.14              0.00
        71             -0.01             -0.13              0.00
        72             -0.01             -0.07              0.02

=========================================
        SUPPORT REACTIONS [kg & m]
=========================================

      Node                Rx                Ry               Mz
--------------------------------------------------------------
         1            283.44          14449.46           -298.39
         2             14.03          27482.00            -24.31
         3             12.15          28051.40            -18.04
         4              3.21          28017.14             -5.13
         5             -3.21          28017.14              5.13
         6            -12.15          28051.40             18.04
         7            -14.03          27482.00             24.31
         8           -283.44          14449.46            298.39

ELEMENT FORCES (LOCAL AXIS) [kg & m]
--------------------------------------------------------------
   Element      Node              N              V             M
--------------------------------------------------------------
         1         9        -184.42        1709.34        1263.04
         1        10         184.42        1790.66       -1466.33
         2        10        -173.53        1755.55        1474.69
         2        11         173.53        1744.45       -1446.96
         3        11        -156.67        1749.93        1457.80
         3        12         156.67        1750.07       -1458.15
         4        12        -151.23        1750.00        1458.78
         4        13         151.23        1750.00       -1458.78
         5        13        -156.67        1750.07        1458.15
         5        14         156.67        1749.93       -1457.80
         6        14        -173.53        1744.45        1446.96
         6        15         173.53        1755.55       -1474.69
         7        15        -184.42        1790.66        1466.33
         7        16         184.42        1709.34       -1263.04
         8        17         -17.14        1761.96        1411.49
         8        18          17.14        1738.04       -1351.69
         9        18         -63.99        1746.05        1441.13
         9        19          63.99        1753.95       -1460.90
        10        19         -68.78        1748.83        1455.06
        10        20          68.78        1751.17       -1460.90
        11        20         -70.78        1750.00        1458.02
        11        21          70.78        1750.00       -1458.02
        12        21         -68.78        1751.17        1460.90
        12        22          68.78        1748.83       -1455.06
        13        22         -63.99        1753.95        1460.90
        13        23          63.99        1746.05       -1441.13
        14        23         -17.14        1738.04        1351.69
        14        24          17.14        1761.96       -1411.49
        15        25         -28.90        1798.89        1500.88
        15        26          28.90        1701.11       -1256.43
        16        26         -50.17        1745.84        1437.01
        16        27          50.17        1754.16       -1457.83
        17        27         -49.61        1749.40        1456.72
        17        28          49.61        1750.60       -1459.73
        18        28         -49.36        1750.00        1458.42
        18        29          49.36        1750.00       -1458.42
        19        29         -49.61        1750.60        1459.73
        19        30          49.61        1749.40       -1456.72
        20        30         -50.17        1754.16        1457.83
        20        31          50.17        1745.84       -1437.01
        21        31         -28.90        1701.11        1256.43
        21        32          28.90        1798.89       -1500.88
        22        33         -21.17        1828.54        1574.82
        22        34          21.17        1671.46       -1182.15
        23        34         -41.59        1743.78        1427.71
        23        35          41.59        1756.22       -1458.79
        24        35         -41.08        1749.32        1456.61
        24        36          41.08        1750.68       -1459.98
        25        36         -40.99        1750.00        1458.44
        25        37          40.99        1750.00       -1458.44
        26        37         -41.08        1750.68        1459.98
        26        38          41.08        1749.32       -1456.61
        27        38         -41.59        1756.22        1458.79
        27        39          41.59        1743.78       -1427.71
        28        39         -21.17        1671.46        1182.15
        28        40          21.17        1828.54       -1574.82
        29        41         -19.57        1852.32        1634.30
        29        42          19.57        1647.68       -1122.69
        30        42         -32.42        1742.29        1420.60
        30        43          32.42        1757.71       -1459.15
        31        43         -32.51        1749.32        1456.67
        31        44          32.51        1750.68       -1460.07
        32        44         -32.46        1750.00        1458.49
        32        45          32.46        1750.00       -1458.49
        33        45         -32.51        1750.68        1460.07
        33        46          32.51        1749.32       -1456.67
        34        46         -32.42        1757.71        1459.15
        34        47          32.42        1742.29       -1420.60
        35        47         -19.57        1647.68        1122.69
        35        48          19.57        1852.32       -1634.30
        36        49           0.36        1871.20        1678.73
        36        50          -0.36        1628.80       -1072.72
        37        50         -33.44        1743.61        1422.88
        37        51          33.44        1756.39       -1454.82
        38        51         -40.88        1749.82        1458.11
        38        52          40.88        1750.18       -1458.99
        39        52         -43.36        1750.00        1458.82
        39        53          43.36        1750.00       -1458.82
        40        53         -40.88        1750.18        1458.99
        40        54          40.88        1749.82       -1458.11
        41        54         -33.44        1756.39        1454.82
        41        55          33.44        1743.61       -1422.88
        42        55           0.36        1628.80        1072.72
        42        56          -0.36        1871.20       -1678.73
        43        57        -165.84        1883.54        1728.05
        43        58         165.84        1616.46       -1060.33
        44        58         -88.53        1727.58        1375.32
        44        59          88.53        1772.42       -1487.43
        45        59         -43.22        1744.12        1441.77
        45        60          43.22        1755.88       -1471.17
        46        60         -28.49        1750.00        1456.23
        46        61          28.49        1750.00       -1456.23
        47        61         -43.22        1755.88        1471.17
        47        62          43.22        1744.12       -1441.77
        48        62         -88.53        1772.42        1487.43
        48        63          88.53        1727.58       -1375.32
        49        63        -165.84        1616.46        1060.33
        49        64         165.84        1883.54       -1728.05
        50        65         720.11        1743.67        1253.14
        50        66        -720.11        1756.33       -1284.80
        51        66         781.13        1726.77        1375.41
        51        67        -781.13        1773.23       -1491.57
        52        67         742.37        1742.11        1435.46
        52        68        -742.37        1757.89       -1474.91
        53        68         729.50        1750.00        1455.87
        53        69        -729.50        1750.00       -1455.87
        54        69         742.37        1757.89        1474.91
        54        70        -742.37        1742.11       -1435.46
        55        70         781.13        1773.23        1491.57
        55        71        -781.13        1726.77       -1375.41
        56        71         720.11        1756.33        1284.80
        56        72        -720.11        1743.67       -1253.14
        57         1       14449.46        -283.44        -298.39
        57         9      -14449.46         283.44        -551.92
        58         9       12740.12        -467.86        -711.12
        58        17      -12740.12         467.86        -692.45
        59        17       10978.16        -485.00        -719.04
        59        25      -10978.16         485.00        -735.95
        60        25        9179.27        -513.89        -764.92
        60        33       -9179.27         513.89        -776.76
        61        33        7350.73        -535.06        -798.07
        61        41       -7350.73         535.06        -807.13
        62        41        5498.41        -554.64        -827.17
        62        49       -5498.41         554.64        -836.74
        63        49        3627.21        -554.28        -841.99
        63        57       -3627.21         554.28        -820.84
        64        57        1743.67        -720.11        -907.21
        64        65       -1743.67         720.11       -1253.14
        65         2       27482.00         -14.03         -24.31
        65        10      -27482.00          14.03         -17.78
        66        10       23935.79          -3.14           9.42
        66        18      -23935.79           3.14         -18.84
        67        18       20451.71         -49.99         -70.60
        67        26      -20451.71          49.99         -79.37
        68        26       17004.76         -71.26        -101.21
        68        34      -17004.76          71.26        -112.58
        69        34       13589.51         -91.68        -132.98
        69        42      -13589.51          91.68        -142.07
        70        42       10199.55        -104.52        -155.84
        70        50      -10199.55         104.52        -157.73
        71        50        6827.14        -138.32        -192.42
        71        58       -6827.14         138.32        -222.55
        72        58        3483.10         -61.01         -92.43
        72        66       -3483.10          61.01         -90.61
        73         3       28051.40         -12.15         -18.04
        73        11      -28051.40          12.15         -18.42
        74        11       24557.02           4.71           7.58
        74        19      -24557.02          -4.71           6.56
        75        19       21054.23          -0.07          -0.72
        75        27      -21054.23           0.07           0.49
        76        27       17550.67           0.49           0.62
        76        35      -17550.67          -0.49           0.84
        77        35       14045.13           0.99           1.35
        77        43      -14045.13          -0.99           1.63
        78        43       10538.10           0.90           0.86
        78        51      -10538.10          -0.90           1.83
        79        51        7031.89          -6.55          -5.13
        79        59       -7031.89           6.55         -14.51
        80        59        3515.34          38.76          60.18
        80        67       -3515.34         -38.76          56.11
        81         4       28017.14          -3.21          -5.13
        81        12      -28017.14           3.21          -4.50
        82        12       24517.07           2.23           3.87
        82        20      -24517.07          -2.23           2.82
        83        20       21015.90           0.23           0.07
        83        28      -21015.90          -0.23           0.62
        84        28       17515.30           0.47           0.69
        84        36      -17515.30          -0.47           0.72
        85        36       14014.62           0.57           0.82
        85        44      -14014.62          -0.57           0.89
        86        44       10513.95           0.62           0.69
        86        52      -10513.95          -0.62           1.16
        87        52        7013.77          -1.86          -0.99
        87        60       -7013.77           1.86          -4.60
        88        60        3507.89          12.86          19.54
        88        68       -3507.89         -12.86          19.04
        89         5       28017.14           3.21           5.13
        89        13      -28017.14          -3.21           4.50
        90        13       24517.07          -2.23          -3.87
        90        21      -24517.07           2.23          -2.82
        91        21       21015.90          -0.23          -0.07
        91        29      -21015.90           0.23          -0.62
        92        29       17515.30          -0.47          -0.69
        92        37      -17515.30           0.47          -0.72
        93        37       14014.62          -0.57          -0.82
        93        45      -14014.62           0.57          -0.89
        94        45       10513.95          -0.62          -0.69
        94        53      -10513.95           0.62          -1.16
        95        53        7013.77           1.86           0.99
        95        61       -7013.77          -1.86           4.60
        96        61        3507.89         -12.86         -19.54
        96        69       -3507.89          12.86         -19.04
        97         6       28051.40          12.15          18.04
        97        14      -28051.40         -12.15          18.42
        98        14       24557.02          -4.71          -7.58
        98        22      -24557.02           4.71          -6.56
        99        22       21054.23           0.07           0.72
        99        30      -21054.23          -0.07          -0.49
       100        30       17550.67          -0.49          -0.62
       100        38      -17550.67           0.49          -0.84
       101        38       14045.13          -0.99          -1.35
       101        46      -14045.13           0.99          -1.63
       102        46       10538.10          -0.90          -0.86
       102        54      -10538.10           0.90          -1.83
       103        54        7031.89           6.55           5.13
       103        62       -7031.89          -6.55          14.51
       104        62        3515.34         -38.76         -60.18
       104        70       -3515.34          38.76         -56.11
       105         7       27482.00          14.03          24.31
       105        15      -27482.00         -14.03          17.78
       106        15       23935.79           3.14          -9.42
       106        23      -23935.79          -3.14          18.84
       107        23       20451.71          49.99          70.60
       107        31      -20451.71         -49.99          79.37
       108        31       17004.76          71.26         101.21
       108        39      -17004.76         -71.26         112.58
       109        39       13589.51          91.68         132.98
       109        47      -13589.51         -91.68         142.07
       110        47       10199.55         104.52         155.84
       110        55      -10199.55        -104.52         157.73
       111        55        6827.14         138.32         192.42
       111        63       -6827.14        -138.32         222.55
       112        63        3483.10          61.01          92.43
       112        71       -3483.10         -61.01          90.61
       113         8       14449.46         283.44         298.39
       113        16      -14449.46        -283.44         551.92
       114        16       12740.12         467.86         711.12
       114        24      -12740.12        -467.86         692.45
       115        24       10978.16         485.00         719.04
       115        32      -10978.16        -485.00         735.95
       116        32        9179.27         513.89         764.92
       116        40       -9179.27        -513.89         776.76
       117        40        7350.73         535.06         798.07
       117        48       -7350.73        -535.06         807.13
       118        48        5498.41         554.64         827.17
       118        56       -5498.41        -554.64         836.74
       119        56        3627.21         554.28         841.99
       119        64       -3627.21        -554.28         820.84
       120        64        1743.67         720.11         907.21
       120        72       -1743.67        -720.11        1253.14
